Postal Code, Amenity Count, Shop Count, Tourism Count
6224DC, 0, 0, 1
6224DB, 1, 0, 1
6224DD, 1, 0, 0
6228LC, 1, 0, 0
6228LB, 1, 0, 0
6224DA, 1, 0, 1
6228LE, 1, 0, 0
6228LD, 1, 0, 0
6228LA, 1, 0, 0
6224CV, 0, 0, 0
6224CW, 0, 0, 0
6224CR, 0, 0, 0
6224CT, 0, 0, 0
6224CS, 0, 0, 0
6224CM, 0, 0, 0
6224CP, 9, 0, 0
6224CE, 0, 0, 0
6224CG, 0, 0, 0
6224CB, 0, 0, 0
6224CA, 0, 0, 0
6224CD, 0, 0, 0
6224CC, 0, 0, 0
6219PE, 1, 0, 3
6228KB, 0, 0, 0
6228KA, 0, 0, 0
6228KD, 0, 0, 0
6228KC, 0, 0, 0
6224BX, 0, 0, 0
6224BZ, 0, 0, 0
6224BT, 0, 0, 0
6224BW, 0, 0, 0
6224BP, 0, 0, 0
6224BS, 0, 0, 0
6224BR, 0, 0, 0
6228JV, 1, 0, 0
6224BM, 2, 0, 0
6224BL, 1, 0, 0
6228JP, 0, 0, 0
6228JS, 0, 0, 0
6228JR, 0, 0, 0
6228JM, 0, 0, 0
6215GK, 2, 0, 0
6224BH, 0, 0, 0
6224BK, 0, 0, 0
6224BJ, 0, 0, 0
6228JN, 0, 0, 0
6215GH, 1, 0, 0
6224BE, 0, 0, 0
6215GG, 1, 0, 0
6224BD, 0, 1, 0
6215GJ, 2, 0, 0
6224BG, 0, 1, 0
6228JK, 0, 0, 0
6215GD, 5, 0, 0
6224BA, 0, 0, 0
6228JE, 0, 0, 0
6215GC, 1, 0, 0
6228JD, 0, 0, 0
6224BC, 0, 0, 0
6228JG, 0, 0, 0
6215GE, 1, 0, 0
6224BB, 0, 0, 0
6228JA, 0, 0, 0
6215GB, 2, 0, 0
6228JC, 0, 0, 0
6215GA, 1, 0, 0
6228JB, 0, 0, 0
6224AX, 0, 0, 0
6224AW, 0, 0, 0
6224AZ, 0, 1, 0
6224AT, 0, 0, 0
6224AS, 0, 0, 0
6224AV, 0, 0, 0
6219NW, 0, 1, 0
6224AP, 0, 1, 0
6224AR, 0, 1, 0
6224AL, 0, 0, 0
6224AK, 2, 0, 1
6224AN, 0, 0, 0
6224AM, 0, 0, 0
6224AH, 0, 0, 0
6219NN, 0, 0, 0
6224AG, 2, 0, 0
6224AJ, 1, 0, 0
6219NP, 0, 0, 0
6219NK, 0, 0, 0
6224AD, 0, 0, 0
6224AC, 0, 0, 0
6219NM, 0, 0, 0
6219NL, 0, 0, 0
6224AE, 0, 0, 0
6219NG, 0, 0, 0
6219NB, 0, 0, 0
6219NE, 0, 0, 0
6219ND, 2, 0, 0
6215EZ, 1, 0, 0
6219NA, 0, 0, 0
6215EV, 0, 0, 0
6228HW, 0, 0, 0
6228HV, 0, 0, 0
6215EX, 3, 0, 0
6215EW, 0, 0, 0
6228HX, 0, 0, 0
6215ER, 2, 0, 0
6215ET, 1, 0, 0
6215ES, 1, 0, 0
6228HT, 0, 0, 0
6215EN, 2, 0, 0
6215EM, 1, 0, 0
6215EP, 1, 0, 0
6215EJ, 0, 0, 0
6228HK, 0, 0, 0
6228HJ, 0, 0, 0
6215EL, 0, 0, 0
6228HM, 0, 0, 0
6215EK, 0, 0, 0
6228HL, 0, 0, 0
6228HG, 0, 0, 0
6215EE, 0, 0, 0
6215EH, 0, 0, 0
6215EG, 0, 0, 0
6228HH, 0, 0, 0
6215EB, 0, 0, 0
6228HC, 0, 0, 0
6215EA, 0, 0, 0
6228HB, 0, 0, 0
6215ED, 0, 0, 0
6215EC, 0, 0, 0
6228HA, 0, 0, 0
6228GZ, 0, 0, 0
6228GV, 0, 0, 0
6228GX, 0, 0, 0
6228GW, 0, 0, 0
6228GR, 0, 0, 0
6228GT, 0, 0, 0
6228GS, 0, 0, 0
6228GN, 0, 0, 0
6228GM, 0, 0, 0
6228GP, 0, 0, 0
6228GJ, 0, 0, 0
6228GL, 0, 0, 0
6228GK, 0, 0, 0
6228GE, 0, 0, 0
6228GH, 0, 0, 0
6228GG, 0, 0, 0
6228GB, 0, 0, 0
6228GA, 0, 0, 0
6228GD, 0, 0, 0
6228GC, 0, 0, 0
6215BW, 0, 0, 0
6228EX, 0, 0, 0
6215BV, 3, 0, 0
6228EW, 0, 0, 0
6215BX, 2, 0, 0
6215BS, 3, 0, 0
6228ET, 1, 0, 0
6215BR, 6, 0, 0
6228ES, 0, 0, 0
6228EV, 0, 0, 0
6215BT, 0, 0, 0
6228EP, 0, 0, 0
6215BN, 6, 2, 0
6228ER, 0, 0, 0
6215BP, 5, 4, 0
6215BK, 6, 2, 0
6228EL, 2, 0, 0
6215BJ, 3, 2, 0
6228EK, 0, 0, 0
6215BM, 6, 2, 0
6228EN, 2, 0, 0
6215BL, 6, 2, 0
6228EM, 2, 0, 0
6215BG, 5, 3, 0
6228EH, 1, 0, 0
6228EG, 1, 0, 0
6228EJ, 1, 0, 0
6215BH, 3, 3, 0
6215BC, 6, 4, 0
6228ED, 0, 0, 0
6215BB, 7, 4, 0
6228EC, 0, 0, 0
6215BE, 5, 5, 0
6215BD, 5, 4, 0
6228EE, 0, 0, 0
6215BA, 6, 3, 0
6228EB, 0, 0, 0
6228EA, 1, 0, 0
6228DP, 2, 1, 0
6215AJ, 0, 0, 0
6228DK, 7, 1, 0
6228DJ, 7, 1, 0
6228DM, 4, 1, 0
6215AK, 0, 0, 0
6228DL, 7, 1, 0
6215AE, 0, 0, 0
6215AH, 0, 0, 0
6215AG, 0, 0, 0
6228DH, 7, 1, 0
6215AD, 0, 0, 0
6215AC, 0, 0, 0
6224LK, 2, 0, 0
6224LJ, 0, 0, 0
6224LM, 0, 0, 0
6224LL, 0, 0, 0
6224LG, 2, 0, 0
6224LH, 0, 0, 0
6224LC, 0, 0, 0
6224LB, 0, 0, 0
6224LE, 2, 2, 0
6224LD, 0, 0, 0
6224LA, 2, 0, 0
6224KZ, 1, 0, 0
6211HX, 8, 9, 3
6211HZ, 23, 4, 6
6224KV, 2, 0, 1
6211HT, 30, 6, 7
6215PX, 1, 0, 0
6211HW, 13, 11, 6
6224KX, 1, 0, 0
6211HV, 19, 4, 6
6215PZ, 1, 0, 0
6224KW, 1, 0, 0
6224KR, 1, 0, 0
6228SV, 1, 1, 0
6211HP, 22, 4, 6
6215PT, 0, 0, 0
6215PW, 0, 0, 0
6224KT, 1, 0, 0
6228SX, 0, 0, 0
6211HR, 30, 4, 8
6215PV, 0, 0, 0
6224KS, 2, 0, 0
6228SW, 0, 1, 0
6211HM, 17, 3, 13
6224KN, 0, 0, 0
6228SR, 0, 0, 0
6211HL, 33, 3, 11
6215PP, 1, 0, 1
6224KM, 0, 0, 0
6215PS, 0, 0, 0
6224KP, 1, 0, 0
6228ST, 0, 0, 0
6211HN, 29, 3, 7
6215PR, 1, 0, 1
6215PM, 0, 0, 0
6224KJ, 0, 0, 0
6228SN, 2, 0, 0
6211HH, 19, 0, 14
6215PL, 1, 0, 0
6228SM, 0, 1, 0
6211HK, 20, 0, 13
6224KL, 0, 0, 0
6228SP, 3, 0, 0
6215PN, 0, 0, 0
6224KK, 0, 0, 0
6211HE, 33, 26, 10
6228SJ, 2, 0, 0
6211HD, 27, 47, 13
6215PH, 1, 0, 0
6224KE, 0, 0, 0
6215PK, 1, 0, 0
6224KH, 0, 0, 0
6215PJ, 1, 0, 0
6224KG, 0, 0, 0
6211HA, 8, 21, 2
6224KB, 3, 0, 0
6224KA, 3, 0, 0
6228SE, 0, 0, 0
6211HC, 23, 39, 2
6224KD, 1, 0, 0
6228SH, 2, 0, 0
6211HB, 23, 29, 4
6224KC, 3, 0, 0
6228SG, 0, 0, 0
6228SB, 3, 0, 0
6228SC, 0, 0, 0
6211GX, 24, 86, 3
6211GW, 27, 70, 1
6224JX, 0, 0, 1
6211GZ, 18, 58, 4
6224JZ, 2, 0, 1
6211GT, 34, 78, 1
6211GS, 25, 86, 1
6224JT, 4, 0, 0
6211GV, 40, 51, 4
6224JV, 0, 0, 0
6224JP, 1, 0, 0
6211GR, 24, 102, 2
6224JS, 1, 0, 0
6224JR, 1, 0, 0
6211GL, 24, 119, 1
6224JM, 1, 0, 0
6211GK, 21, 122, 1
6224JL, 2, 0, 0
6211GN, 18, 91, 6
6211GM, 20, 102, 6
6224JN, 1, 0, 0
6224JH, 4, 0, 0
6211GJ, 18, 111, 9
6224JK, 1, 0, 0
6224JJ, 4, 2, 0
6211GD, 15, 84, 7
6224JE, 1, 0, 1
6211GC, 23, 30, 12
6224JD, 1, 0, 0
6224JG, 1, 0, 0
6224JA, 3, 0, 0
6211GB, 16, 80, 5
6224JC, 1, 2, 0
6211GA, 23, 59, 12
6224JB, 6, 0, 0
6211EZ, 25, 10, 7
6211EV, 23, 65, 0
6224HW, 1, 4, 0
6224HV, 2, 1, 0
6211EX, 11, 43, 5
6224HX, 1, 2, 0
6211ER, 36, 90, 1
6224HR, 3, 0, 0
6211ET, 29, 98, 1
6211ES, 27, 109, 0
6224HT, 1, 4, 0
6211EN, 30, 47, 2
6211EM, 21, 52, 3
6224HN, 0, 0, 0
6211EP, 32, 69, 2
6224HP, 0, 0, 0
6211EL, 27, 56, 3
6224HM, 0, 0, 0
6224HL, 1, 3, 0
6224HG, 0, 0, 0
6224HH, 0, 0, 0
6211EB, 39, 101, 1
6224HC, 0, 0, 0
6211EA, 42, 71, 3
6224HB, 0, 0, 0
6211ED, 25, 111, 1
6224HE, 0, 0, 0
6211EC, 23, 114, 2
6224HD, 0, 0, 0
6224HA, 0, 0, 0
6224GZ, 2, 0, 0
6224GV, 2, 1, 0
6224GX, 0, 0, 0
6224GW, 0, 0, 0
6224GR, 0, 0, 0
6224GT, 5, 4, 0
6224GS, 1, 3, 0
6224GN, 2, 4, 0
6224GM, 1, 3, 0
6224GP, 4, 2, 0
6224GJ, 6, 3, 0
6224GL, 0, 0, 0
6224GK, 8, 2, 0
6211DE, 19, 123, 4
6224GE, 0, 1, 0
6211DA, 12, 55, 5
6224GB, 0, 2, 0
6224GA, 0, 0, 0
6224GD, 0, 3, 0
6224GC, 0, 4, 0
6211CW, 13, 107, 1
6211CS, 39, 92, 0
6211CP, 23, 81, 1
6211CR, 30, 104, 1
6211CL, 41, 71, 0
6211CK, 37, 13, 4
6211CM, 30, 96, 0
6211CH, 31, 42, 0
6215KL, 0, 0, 0
6215KK, 0, 0, 0
6211CJ, 25, 5, 3
6215KN, 0, 0, 0
6215KM, 1, 0, 0
6211CD, 6, 12, 2
6215KH, 0, 0, 0
6211CC, 7, 0, 2
6215KG, 0, 0, 0
6215KJ, 0, 0, 0
6211CE, 12, 19, 5
6215KD, 0, 0, 0
6215KC, 0, 0, 0
6211CB, 7, 12, 3
6211CA, 9, 13, 3
6215KE, 0, 0, 0
6211BZ, 19, 7, 3
6215KB, 0, 0, 0
6215KA, 1, 0, 0
6211BW, 13, 1, 3
6224EX, 1, 2, 0
6211BV, 29, 4, 6
6224EW, 0, 0, 0
6224EZ, 0, 0, 0
6211BX, 9, 1, 3
6211BS, 22, 8, 5
6224ET, 0, 1, 0
6215JV, 0, 0, 0
6224ES, 0, 0, 0
6224EV, 0, 1, 0
6211BT, 20, 7, 3
6215JS, 0, 0, 0
6224EP, 0, 0, 0
6211BN, 16, 6, 3
6215JR, 0, 0, 0
6224ER, 2, 1, 0
6211BP, 15, 4, 1
6215JT, 0, 0, 0
6211BK, 15, 6, 2
6224EL, 1, 4, 0
6211BJ, 9, 1, 2
6215JN, 0, 0, 0
6224EK, 1, 4, 0
6224EN, 1, 0, 0
6211BL, 9, 1, 2
6215JP, 0, 0, 0
6224EM, 2, 1, 0
6211BG, 11, 0, 1
6215JK, 0, 0, 0
6224EH, 2, 0, 2
6215JJ, 0, 0, 0
6224EG, 1, 0, 1
6215JM, 1, 0, 0
6211BH, 9, 3, 0
6215JL, 0, 0, 0
6211BC, 14, 0, 0
6215JG, 0, 0, 0
6224ED, 0, 0, 1
6211BB, 7, 2, 3
6224EC, 0, 0, 1
6211BE, 10, 3, 3
6211BD, 13, 0, 1
6215JH, 0, 0, 0
6224EE, 0, 0, 1
6215JC, 0, 0, 0
6215JB, 0, 0, 0
6211BA, 12, 0, 0
6215JE, 0, 0, 0
6224EB, 1, 0, 1
6215JD, 0, 0, 0
6211AZ, 22, 6, 4
6224DZ, 0, 1, 0
6215JA, 0, 0, 0
6211AV, 20, 9, 4
6211AX, 11, 6, 4
6211AW, 28, 5, 6
6211AR, 12, 0, 0
6211AT, 12, 4, 3
6211AN, 16, 1, 0
6211AM, 15, 1, 0
6211AP, 6, 1, 2
6211AL, 15, 0, 0
6214VX, 0, 0, 0
6214VW, 0, 0, 0
6214VZ, 0, 0, 0
6214VT, 0, 0, 0
6214VS, 0, 0, 0
6214VV, 0, 0, 0
6214VL, 0, 0, 0
6214VK, 0, 0, 0
6214VN, 0, 0, 0
6214VM, 0, 0, 0
6214VH, 1, 1, 0
6214VG, 0, 0, 0
6214VJ, 0, 0, 0
6227XW, 0, 0, 0
6227XT, 0, 0, 0
6227XS, 0, 0, 0
6227XV, 0, 0, 0
6227XP, 0, 0, 0
6227XR, 0, 0, 0
6227XL, 0, 0, 0
6227XK, 0, 0, 0
6227XN, 0, 0, 0
6227XM, 0, 0, 0
6227XH, 0, 0, 0
6227XG, 0, 0, 0
6227XJ, 0, 0, 0
6227XD, 0, 0, 0
6227XC, 0, 0, 0
6227XE, 0, 0, 0
6227XB, 0, 0, 0
6214TZ, 0, 0, 0
6214TV, 0, 0, 0
6214TX, 0, 0, 0
6214TW, 0, 0, 0
6214TR, 0, 0, 0
6214TT, 0, 0, 0
6214TS, 0, 0, 0
6214TN, 0, 0, 0
6214TM, 0, 0, 0
6214TP, 0, 0, 0
6214TJ, 0, 0, 0
6214TL, 0, 2, 0
6214TK, 0, 0, 0
6214TE, 0, 1, 0
6214TH, 0, 0, 0
6214TG, 0, 0, 0
6214TB, 0, 0, 0
6214TD, 0, 2, 0
6214TC, 0, 2, 0
6227VZ, 0, 0, 0
6214SX, 1, 0, 0
6214SZ, 1, 0, 0
6227VV, 0, 0, 0
6214ST, 0, 0, 0
6214SW, 1, 1, 0
6227VX, 0, 0, 0
6214SV, 1, 1, 0
6227VW, 1, 0, 0
6227VR, 0, 0, 0
6214SP, 0, 1, 0
6227VT, 1, 0, 0
6214SR, 0, 2, 0
6214SM, 1, 1, 0
6227VN, 0, 0, 0
6214SL, 0, 2, 0
6227VM, 2, 0, 0
6227VP, 0, 0, 0
6214SN, 1, 1, 0
6227VJ, 0, 0, 0
6214SH, 1, 1, 0
6214SK, 1, 1, 0
6227VL, 0, 0, 0
6214SJ, 0, 0, 0
6227VK, 1, 0, 0
6214SE, 1, 1, 0
6227VE, 2, 0, 0
6214SG, 0, 0, 0
6227VH, 1, 0, 0
6227VG, 2, 0, 0
6227VB, 0, 0, 0
6227VA, 1, 0, 0
6214SC, 1, 0, 0
6227VD, 0, 0, 0
6227VC, 2, 0, 0
6214RX, 1, 2, 0
6214RW, 1, 0, 0
6214RZ, 0, 0, 0
6214RT, 0, 0, 0
6214RS, 0, 0, 0
6214RV, 1, 0, 0
6214RP, 0, 0, 0
6214RR, 0, 1, 0
6214RL, 0, 0, 0
6214RK, 1, 1, 0
6214RN, 2, 1, 0
6214RM, 1, 0, 0
6214RH, 1, 1, 0
6214RG, 0, 1, 0
6214RJ, 3, 0, 0
6214RC, 1, 1, 0
6214RE, 1, 1, 0
6214RB, 2, 1, 0
6227TX, 0, 0, 0
6227TW, 0, 0, 0
6227TZ, 0, 0, 0
6227TT, 0, 0, 0
6227TS, 0, 0, 0
6227TV, 2, 0, 0
6227TP, 0, 0, 0
6227TR, 0, 0, 0
6227TL, 0, 0, 0
6227TK, 0, 0, 0
6227TN, 0, 0, 0
6227TM, 0, 0, 0
6227TH, 0, 0, 0
6227TG, 0, 0, 0
6227TJ, 0, 0, 0
6227TD, 0, 0, 0
6227TE, 0, 0, 0
6227TB, 0, 0, 0
6227TA, 0, 0, 0
6214PZ, 2, 2, 0
6227SZ, 0, 0, 0
6214PV, 2, 1, 0
6218XZ, 0, 0, 0
6227SW, 1, 0, 0
6227SV, 0, 0, 0
6214PX, 2, 1, 0
6214PW, 2, 1, 0
6227SX, 0, 0, 0
6214PR, 1, 2, 0
6227SR, 1, 0, 0
6214PT, 0, 2, 0
6218XX, 1, 0, 0
6214PS, 3, 1, 0
6227ST, 0, 0, 0
6214PN, 0, 1, 0
6214PM, 3, 0, 0
6227SN, 3, 1, 0
6214PP, 2, 1, 0
6227SP, 1, 0, 0
6214PJ, 0, 0, 0
6227SK, 0, 0, 0
6227SJ, 0, 0, 0
6214PL, 0, 2, 0
6227SM, 1, 0, 0
6214PK, 3, 0, 0
6227SL, 0, 0, 0
6227SG, 0, 0, 0
6214PE, 3, 1, 0
6214PH, 0, 1, 0
6214PG, 0, 0, 0
6227SH, 1, 0, 0
6214PB, 1, 0, 0
6227SC, 1, 0, 0
6214PA, 1, 0, 0
6227SB, 0, 0, 0
6214PD, 1, 0, 0
6214PC, 4, 1, 0
6218XG, 0, 0, 0
6218XB, 1, 0, 0
6218XA, 0, 0, 0
6218XD, 1, 0, 0
6218XC, 1, 0, 0
6227RZ, 0, 0, 0
6227RV, 0, 0, 0
6227RX, 0, 0, 0
6227RW, 0, 0, 0
6227RR, 1, 0, 0
6227RT, 0, 0, 0
6227RS, 1, 0, 0
6228CZ, 0, 0, 0
6228CV, 0, 0, 0
6228CX, 1, 0, 0
6228CW, 1, 0, 0
6228CR, 1, 0, 0
6228CT, 1, 0, 0
6228CS, 1, 0, 0
6228CN, 0, 0, 0
6228CM, 0, 0, 0
6228CP, 1, 0, 0
6228CK, 1, 0, 0
6228CB, 0, 0, 0
6228CA, 1, 0, 0
6228CD, 0, 0, 0
6228CC, 1, 0, 0
6228BT, 4, 0, 0
6228BV, 1, 0, 0
6228BP, 0, 0, 0
6228BS, 1, 0, 0
6228BR, 0, 1, 0
6228BL, 0, 0, 0
6228BN, 0, 0, 0
6228BH, 0, 0, 0
6228BK, 0, 0, 0
6228BJ, 0, 0, 0
6228BE, 0, 0, 0
6228BD, 7, 1, 0
6228BG, 0, 0, 0
6228BA, 0, 0, 0
6228BC, 0, 0, 0
6228AX, 0, 0, 0
6228AZ, 0, 0, 0
6228AT, 0, 0, 0
6228AS, 0, 0, 0
6228AR, 0, 0, 0
6228AL, 0, 0, 0
6228AK, 0, 0, 0
6228AN, 0, 0, 0
6228AM, 0, 0, 0
6228AH, 0, 0, 0
6228AG, 0, 0, 0
6228AJ, 0, 0, 0
6228AE, 0, 0, 0
6219CZ, 1, 1, 0
6219BZ, 0, 0, 0
6219BW, 0, 0, 0
6219BV, 0, 0, 0
6219BX, 0, 0, 0
6219BS, 0, 0, 0
6219BR, 0, 0, 0
6219BT, 0, 0, 0
6219BN, 0, 0, 0
6219BP, 0, 0, 0
6219BK, 0, 0, 0
6219BJ, 0, 0, 0
6219BM, 0, 0, 0
6219BG, 0, 0, 0
6219BH, 0, 0, 0
6219BC, 0, 0, 0
6219BB, 0, 0, 0
6219BE, 1, 1, 0
6219BD, 0, 0, 0
6214XZ, 0, 0, 0
6219BA, 0, 0, 0
6219AZ, 0, 0, 0
6214XX, 0, 0, 0
6219AV, 1, 0, 0
6219AX, 0, 0, 0
6219AW, 0, 0, 0
6214XN, 0, 0, 0
6219AR, 2, 0, 0
6214XM, 0, 0, 0
6214XP, 0, 0, 0
6219AT, 2, 0, 0
6219AS, 2, 0, 0
6214XJ, 0, 0, 0
6219AN, 1, 0, 0
6219AM, 1, 0, 0
6214XL, 0, 0, 0
6219AP, 2, 0, 0
6214XK, 0, 0, 0
6219AJ, 1, 0, 0
6214XH, 0, 0, 0
6219AL, 1, 0, 0
6214XG, 0, 0, 0
6219AK, 0, 0, 0
6214XA, 0, 0, 0
6219AE, 1, 0, 0
6219AH, 1, 0, 0
6214XC, 0, 0, 0
6219AG, 1, 0, 0
6219AB, 1, 0, 0
6219AA, 1, 0, 0
6219AD, 1, 0, 0
6219AC, 0, 0, 0
6223BB, 0, 0, 0
6223BA, 0, 0, 0
6223BD, 2, 0, 1
6223BC, 0, 0, 0
6223AX, 0, 0, 0
6223AZ, 0, 0, 0
6223AT, 0, 0, 0
6223AW, 0, 0, 0
6223AV, 0, 0, 0
6223AP, 0, 0, 0
6223AS, 0, 0, 0
6223AR, 0, 0, 0
6223AM, 0, 0, 0
6223AL, 1, 0, 1
6223AN, 0, 0, 0
6223AH, 0, 0, 0
6223AK, 1, 0, 1
6223AJ, 0, 0, 0
6223AE, 0, 0, 0
6223AD, 0, 0, 0
6223AG, 1, 0, 0
6223AC, 0, 0, 0
6223AB, 0, 0, 0
6218ND, 0, 0, 0
6218NC, 0, 0, 0
6218NE, 0, 0, 0
6218NB, 0, 0, 0
6218NA, 0, 0, 0
6227HR, 0, 0, 0
6227HL, 0, 0, 0
6227HK, 0, 0, 0
6227HN, 0, 0, 0
6227HM, 0, 0, 0
6227HJ, 0, 0, 0
6227HD, 0, 0, 0
6227HE, 0, 0, 0
6227HB, 0, 0, 1
6227HA, 0, 0, 0
6227GV, 0, 0, 0
6227GS, 1, 0, 0
6227GR, 0, 0, 0
6227GT, 1, 0, 0
6227GN, 0, 0, 0
6227GP, 0, 0, 0
6227GK, 0, 0, 0
6227GJ, 0, 0, 0
6227GM, 0, 0, 1
6227GL, 0, 0, 0
6227GH, 1, 0, 0
6227GC, 1, 0, 0
6214DA, 1, 0, 0
6227GB, 0, 0, 0
6227GE, 1, 0, 0
6227GA, 1, 0, 0
6227EX, 0, 0, 0
6227ET, 1, 0, 0
6227EW, 1, 0, 0
6227EV, 0, 0, 0
6227EP, 0, 0, 0
6227ES, 1, 0, 0
6227ER, 0, 0, 0
6227EL, 0, 0, 0
6227EN, 0, 0, 0
6214BH, 7, 0, 1
6214BG, 0, 1, 0
6227EH, 0, 0, 0
6227EJ, 0, 0, 0
6214BD, 0, 0, 0
6227EE, 0, 0, 0
6214BC, 0, 4, 0
6227ED, 0, 0, 0
6227EG, 0, 0, 0
6214BE, 0, 0, 0
6227EA, 0, 0, 0
6214BB, 2, 0, 1
6227EC, 0, 0, 0
6214BA, 2, 0, 1
6227EB, 0, 0, 0
6214AZ, 1, 1, 0
6214AW, 1, 1, 0
6214AV, 2, 1, 0
6214AX, 2, 0, 1
6214AS, 1, 1, 0
6214AR, 1, 1, 0
6214AT, 3, 2, 0
6214AN, 5, 2, 0
6214AP, 2, 1, 0
6214AK, 1, 1, 0
6214AJ, 1, 0, 0
6214AM, 4, 1, 0
6214AL, 4, 1, 0
6214AG, 2, 0, 0
6214AH, 4, 3, 0
6214AC, 5, 2, 0
6214AB, 5, 2, 0
6214AE, 4, 3, 0
6214AD, 3, 0, 0
6214AA, 1, 1, 0
6227DB, 0, 0, 1
6227DA, 2, 2, 0
6227CV, 8, 12, 0
6227CR, 0, 0, 0
6218HW, 0, 0, 1
6227CN, 0, 0, 0
6218HT, 0, 0, 0
6218HS, 0, 0, 0
6227CP, 0, 0, 0
6218HN, 0, 0, 0
6227CK, 2, 0, 0
6218HM, 0, 0, 0
6218HP, 0, 0, 0
6227CM, 0, 0, 0
6227CL, 2, 0, 0
6218HJ, 0, 0, 0
6227CG, 7, 10, 0
6218HL, 0, 0, 0
6218HK, 0, 0, 0
6227CH, 5, 3, 0
6227CC, 5, 5, 0
6218HE, 0, 0, 0
6227CB, 5, 1, 0
6218HH, 0, 0, 0
6227CE, 7, 6, 0
6218HG, 0, 0, 0
6227CD, 6, 5, 0
6218HB, 0, 0, 0
6218HA, 0, 0, 0
6218HD, 0, 0, 0
6218HC, 0, 0, 0
6227BZ, 1, 0, 0
6227BV, 2, 2, 0
6218GX, 0, 0, 0
6227BX, 4, 2, 0
6218GZ, 0, 0, 0
6227BW, 1, 0, 0
6227BR, 0, 0, 0
6218GT, 0, 0, 0
6218GW, 0, 0, 0
6227BT, 4, 2, 0
6218GV, 0, 0, 0
6227BS, 4, 0, 0
6227BN, 9, 14, 0
6218GP, 0, 0, 0
6227BM, 0, 0, 0
6227BP, 2, 1, 0
6218GR, 0, 0, 0
6218GM, 0, 0, 0
6227BJ, 0, 0, 0
6218GL, 0, 0, 0
6227BL, 1, 0, 0
6218GN, 0, 0, 0
6227BK, 10, 17, 0
6218GH, 0, 0, 0
6227BE, 0, 2, 0
6218GK, 0, 0, 0
6227BH, 2, 7, 0
6218GJ, 0, 0, 0
6227BG, 2, 1, 0
6218GE, 0, 0, 0
6227BB, 0, 0, 1
6218GD, 0, 0, 0
6227BA, 0, 0, 1
6218GG, 0, 0, 0
6227BD, 1, 1, 1
6227BC, 0, 0, 1
6227RN, 0, 0, 0
6227RM, 0, 0, 0
6227RP, 1, 0, 0
6227RJ, 1, 0, 0
6227RL, 0, 0, 0
6227RK, 0, 0, 0
6218WH, 0, 0, 0
6227RE, 1, 0, 0
6227RH, 0, 0, 0
6227RG, 1, 0, 0
6218WE, 1, 0, 0
6218WD, 1, 0, 0
6218WG, 0, 0, 0
6227RD, 0, 0, 0
6227RC, 0, 0, 0
6218WC, 0, 0, 0
6218WB, 0, 0, 0
6218VX, 0, 0, 0
6218VW, 4, 6, 0
6218VZ, 0, 0, 0
6218VT, 0, 0, 0
6218VS, 3, 6, 0
6218VV, 1, 0, 0
6218VP, 0, 0, 0
6218VR, 1, 0, 0
6218VL, 0, 0, 0
6218VK, 0, 0, 0
6218VN, 1, 4, 0
6218VM, 0, 0, 0
6218VH, 3, 3, 1
6218VG, 4, 2, 0
6218VJ, 0, 0, 0
6218VD, 4, 2, 0
6218VC, 1, 0, 1
6218VB, 1, 0, 0
6218VA, 0, 0, 0
6223HV, 0, 1, 0
6223HG, 0, 0, 0
6223HD, 3, 0, 0
6223HC, 0, 0, 0
6223HE, 2, 0, 0
6223HB, 1, 0, 0
6223HA, 0, 0, 0
6223GZ, 2, 0, 0
6223GW, 0, 0, 0
6223GX, 2, 0, 0
6223GS, 0, 0, 0
6223GR, 0, 0, 0
6223GT, 0, 0, 0
6223GN, 1, 0, 0
6223GP, 1, 0, 0
6223GM, 1, 0, 0
6223GL, 1, 0, 0
6223GG, 0, 0, 0
6223GH, 0, 0, 0
6218TJ, 0, 0, 1
6223GC, 0, 0, 0
6223GB, 0, 0, 0
6218TL, 1, 0, 1
6223GE, 0, 0, 0
6218TK, 1, 0, 1
6223GD, 0, 0, 0
6218TE, 0, 0, 0
6218TH, 0, 0, 0
6223GA, 0, 0, 0
6218TG, 0, 0, 0
6218TB, 2, 1, 1
6218TA, 0, 0, 1
6218TD, 0, 0, 0
6218TC, 0, 0, 0
6218SX, 0, 0, 0
6218SZ, 0, 0, 0
6218ST, 0, 0, 0
6218SW, 0, 0, 2
6218SV, 0, 0, 1
6218SP, 0, 0, 0
6218SR, 0, 0, 2
6218SM, 0, 0, 0
6218SL, 0, 0, 0
6218SN, 0, 0, 0
6218SH, 0, 0, 0
6218SK, 0, 0, 0
6218SJ, 0, 0, 1
6218SE, 0, 0, 0
6218SG, 0, 0, 0
6218SC, 1, 0, 1
6218SB, 0, 0, 1
6223ET, 0, 0, 0
6223EV, 0, 0, 0
6218RX, 0, 0, 0
6218RW, 0, 0, 0
6218RZ, 0, 0, 0
6218RT, 0, 0, 0
6218RS, 0, 0, 0
6218RV, 0, 0, 0
6218RP, 1, 0, 1
6218RR, 0, 0, 0
6218RL, 0, 0, 0
6223EE, 0, 0, 0
6218RK, 0, 0, 0
6223ED, 0, 0, 0
6218RN, 0, 0, 1
6223EG, 0, 0, 0
6218RM, 0, 0, 0
6218RH, 0, 0, 0
6223EA, 0, 0, 0
6218RG, 0, 0, 0
6218RJ, 1, 0, 0
6223EC, 0, 0, 0
6223EB, 0, 0, 0
6218RD, 1, 0, 0
6218RC, 1, 0, 1
6218RE, 1, 0, 0
6218RB, 1, 0, 3
6223CS, 0, 0, 0
6223CR, 0, 0, 0
6223CT, 0, 0, 0
6223CN, 0, 0, 0
6223CP, 0, 0, 0
6223CK, 0, 0, 0
6223CJ, 0, 0, 0
6223CM, 0, 0, 0
6223CL, 0, 0, 0
6223CG, 0, 0, 0
6223CH, 0, 0, 0
6223CA, 0, 0, 0
6223BV, 0, 0, 0
6223BW, 0, 0, 0
6223BR, 0, 0, 0
6223BT, 0, 0, 0
6223BS, 0, 0, 0
6223BM, 0, 0, 0
6223BJ, 1, 0, 0
6223BL, 0, 0, 0
6223BK, 2, 0, 1
6223BE, 2, 0, 1
6223BH, 1, 0, 0
6223BG, 0, 0, 0
6226XW, 0, 0, 0
6226XV, 0, 0, 0
6226XM, 0, 0, 1
6222PH, 0, 0, 0
6226XL, 0, 0, 0
6226XN, 0, 0, 0
6222PE, 0, 0, 0
6222PD, 0, 0, 0
6226XH, 0, 0, 1
6222PG, 0, 0, 0
6226XK, 0, 0, 1
6226XJ, 0, 0, 0
6226XE, 0, 0, 0
6226XD, 0, 0, 1
6226XG, 0, 0, 1
6226XA, 0, 0, 1
6226XC, 0, 0, 1
6226XB, 0, 0, 1
6226WX, 0, 0, 0
6226WZ, 0, 0, 0
6226WT, 0, 0, 0
6226WS, 0, 0, 0
6226WV, 0, 0, 0
6226WP, 0, 0, 0
6226WR, 0, 0, 0
6226WL, 0, 0, 0
6226WK, 0, 0, 0
6226WN, 0, 0, 0
6226WH, 0, 0, 0
6226WG, 0, 0, 0
6226WJ, 0, 0, 0
6226WD, 0, 0, 0
6226WC, 0, 0, 0
6226WE, 0, 0, 0
6222NZ, 0, 0, 0
6226WB, 0, 0, 0
6226VZ, 0, 0, 0
6226VV, 0, 0, 0
6226VX, 0, 0, 0
6226VR, 0, 0, 1
6226VN, 0, 0, 1
6226VP, 0, 0, 1
6222NG, 0, 0, 0
6226VJ, 1, 0, 0
6226VM, 0, 0, 1
6226VL, 0, 0, 1
6222NE, 0, 0, 0
6222NA, 0, 0, 0
6226TA, 0, 0, 0
6226TB, 0, 0, 0
6217XZ, 1, 0, 0
6217XW, 0, 0, 0
6217XV, 0, 0, 0
6217XS, 3, 7, 0
6217XT, 1, 1, 0
6217XN, 0, 0, 0
6217XP, 0, 0, 0
6217XK, 0, 0, 0
6217XJ, 0, 0, 0
6217XM, 0, 0, 0
6217XL, 0, 0, 0
6217XG, 0, 0, 0
6217XH, 1, 0, 0
6217XC, 0, 0, 0
6217XE, 0, 0, 0
6217XD, 0, 0, 0
6217VX, 0, 0, 0
6217VZ, 0, 0, 0
6217VT, 0, 0, 0
6217VW, 1, 0, 0
6217VP, 0, 0, 0
6217VR, 0, 0, 0
6217VM, 0, 0, 0
6217VL, 0, 0, 0
6217VN, 0, 0, 0
6213NE, 0, 0, 0
6217VH, 0, 0, 0
6217VK, 0, 0, 0
6217VJ, 0, 0, 0
6213NA, 0, 0, 0
6217VE, 1, 0, 0
6213NC, 0, 0, 0
6217VG, 0, 0, 0
6213NB, 0, 0, 0
6218GA, 0, 0, 0
6222XX, 0, 0, 0
6218GC, 0, 0, 0
6218GB, 0, 0, 0
6222XZ, 0, 0, 0
6222XT, 0, 0, 0
6227AX, 0, 1, 0
6222XW, 0, 0, 0
6222XV, 0, 0, 0
6227AZ, 0, 0, 0
6222XP, 0, 0, 0
6227AT, 0, 0, 0
6222XS, 0, 0, 0
6227AW, 3, 6, 1
6222XR, 0, 0, 0
6227AV, 3, 4, 0
6222XM, 0, 0, 0
6222XL, 0, 0, 0
6227AP, 0, 0, 0
6227AS, 3, 2, 0
6222XN, 0, 0, 0
6227AR, 1, 1, 0
6227AM, 0, 1, 0
6222XH, 0, 0, 0
6227AL, 3, 3, 0
6222XK, 0, 0, 0
6222XJ, 0, 0, 0
6227AN, 3, 2, 0
6222XE, 0, 0, 0
6222XD, 0, 0, 0
6227AH, 0, 0, 0
6222XG, 0, 0, 0
6227AK, 0, 0, 0
6227AE, 1, 0, 0
6227AD, 0, 0, 0
6227AA, 0, 1, 0
6227AC, 11, 25, 0
6227AB, 5, 7, 1
6218EW, 0, 0, 0
6218EV, 0, 0, 0
6218EX, 0, 0, 0
6218ES, 0, 0, 0
6222WL, 0, 0, 0
6218ER, 0, 0, 0
6222WK, 0, 0, 0
6218ET, 0, 0, 0
6222WH, 0, 0, 0
6218EN, 0, 0, 0
6222WJ, 0, 0, 0
6218EP, 0, 0, 0
6218EK, 0, 0, 0
6222WD, 0, 0, 0
6218EJ, 0, 0, 0
6218EM, 0, 0, 0
6218EL, 0, 0, 0
6222WE, 0, 0, 0
6218EG, 1, 0, 0
6222WB, 0, 0, 0
6218EH, 0, 0, 0
6218EC, 0, 0, 0
6218EB, 0, 0, 0
6222VZ, 0, 0, 0
6218EE, 1, 0, 0
6218ED, 0, 0, 0
6222VW, 0, 0, 0
6222VV, 0, 0, 0
6218EA, 0, 0, 0
6222VX, 0, 0, 0
6222VR, 0, 0, 0
6222VK, 0, 0, 0
6222VJ, 0, 0, 0
6222VM, 0, 0, 0
6222VL, 0, 0, 0
6222VG, 0, 0, 0
6222VH, 1, 0, 0
6222VC, 0, 0, 0
6222VB, 0, 0, 0
6222VE, 1, 0, 0
6222VD, 0, 0, 0
6218DA, 0, 0, 0
6218CX, 0, 0, 0
6218CZ, 0, 0, 0
6218CT, 1, 0, 0
6218CW, 0, 0, 0
6218CV, 0, 0, 0
6218CP, 0, 0, 0
6218CS, 0, 0, 0
6218CR, 0, 0, 0
6218CM, 0, 0, 0
6218CN, 0, 0, 0
6218CH, 0, 0, 0
6218CK, 0, 0, 0
6218CJ, 0, 0, 0
6218CE, 0, 0, 0
6218CD, 0, 0, 0
6218CG, 0, 0, 0
6222TX, 0, 0, 0
6218CC, 1, 0, 0
6218CB, 3, 1, 0
6222TZ, 0, 0, 0
6222TT, 1, 0, 0
6222TW, 1, 0, 0
6222TV, 0, 0, 0
6218BX, 1, 0, 0
6218BW, 0, 0, 0
6222TP, 1, 0, 0
6218BZ, 1, 0, 0
6222TS, 0, 0, 0
6222TR, 1, 0, 0
6218BT, 0, 0, 0
6222TM, 1, 0, 0
6218BS, 0, 0, 0
6222TL, 0, 0, 0
6218BV, 0, 0, 0
6222TN, 1, 0, 0
6218BP, 4, 2, 0
6218BR, 4, 2, 0
6222TJ, 0, 0, 0
6222TE, 0, 0, 0
6218BK, 4, 2, 0
6222TD, 0, 0, 0
6222TG, 0, 0, 0
6222TC, 0, 0, 0
6222TB, 0, 0, 0
6218BC, 6, 7, 0
6218BE, 0, 0, 0
6222SX, 0, 0, 0
6222SW, 0, 0, 0
6222ST, 0, 0, 0
6218AZ, 4, 5, 0
6222SV, 0, 0, 0
6218AW, 0, 0, 0
6222SP, 0, 0, 0
6218AV, 6, 7, 1
6222SR, 0, 0, 0
6218AX, 0, 0, 0
6218AS, 0, 0, 0
6218AR, 0, 0, 0
6222SK, 0, 0, 0
6222SN, 0, 0, 0
6218AT, 0, 0, 0
6222SM, 0, 0, 0
6222SH, 0, 0, 0
6218AN, 0, 0, 0
6222SG, 0, 0, 0
6222SJ, 0, 0, 0
6218AP, 0, 0, 0
6218AK, 1, 0, 0
6218AJ, 0, 0, 0
6218AM, 0, 0, 0
6218AL, 0, 0, 0
6218AG, 0, 0, 0
6218AH, 0, 0, 0
6218AA, 0, 0, 0
6226XX, 0, 0, 0
6226XZ, 0, 0, 0
6226HE, 0, 0, 0
6213EC, 1, 0, 0
6226HD, 0, 0, 0
6226HA, 1, 0, 1
6213EB, 1, 0, 0
6226HB, 0, 0, 0
6226GX, 0, 0, 0
6217LZ, 0, 0, 0
6226GW, 4, 0, 0
6226GZ, 0, 0, 0
6217LW, 0, 0, 0
6226GT, 0, 0, 0
6217LV, 1, 0, 0
6226GS, 2, 0, 0
6226GV, 1, 7, 0
6217LX, 0, 0, 0
6217LS, 0, 1, 0
6226GP, 4, 11, 0
6217LR, 1, 1, 0
6226GR, 3, 0, 0
6217LT, 1, 0, 0
6226GL, 0, 0, 0
6217LN, 0, 0, 0
6226GK, 0, 2, 0
6226GN, 6, 10, 0
6217LP, 1, 0, 0
6226GM, 2, 4, 0
6217LK, 0, 0, 0
6226GH, 1, 2, 0
6217LJ, 1, 1, 0
6226GG, 2, 0, 1
6217LM, 0, 1, 0
6226GJ, 0, 0, 0
6217LL, 0, 0, 0
6217LG, 1, 1, 0
6226GD, 5, 5, 1
6226GC, 0, 0, 0
6217LH, 1, 1, 0
6226GE, 0, 3, 0
6217LC, 1, 0, 0
6217LB, 0, 0, 0
6217LE, 1, 1, 0
6226GB, 1, 0, 0
6217LD, 1, 1, 0
6226GA, 0, 1, 0
6217LA, 0, 0, 0
6213CV, 0, 0, 0
6217KZ, 1, 0, 0
6213CW, 0, 0, 0
6213CR, 0, 0, 0
6217KV, 0, 0, 0
6213CT, 0, 0, 0
6217KX, 0, 0, 0
6213CS, 0, 0, 0
6217KW, 0, 0, 0
6213CN, 0, 0, 0
6217KR, 0, 0, 0
6213CP, 0, 0, 0
6217KT, 0, 0, 0
6217KS, 2, 1, 0
6213CJ, 0, 0, 0
6217KN, 1, 0, 0
6217KM, 1, 0, 0
6217KP, 0, 0, 0
6213CK, 0, 0, 0
6217KJ, 1, 0, 0
6213CE, 0, 0, 0
6213CH, 0, 0, 1
6217KL, 0, 0, 0
6213CG, 0, 0, 0
6217KK, 1, 0, 0
6213CB, 0, 0, 0
6213CA, 0, 0, 0
6217KE, 2, 0, 0
6213CD, 0, 0, 0
6217KH, 2, 0, 0
6213CC, 0, 0, 1
6217KG, 1, 0, 0
6217KB, 0, 0, 0
6217KA, 2, 1, 0
6217KD, 1, 0, 0
6217KC, 3, 0, 0
6226EZ, 2, 0, 0
6226EV, 0, 0, 0
6213BT, 0, 0, 0
6217JX, 0, 0, 0
6226EX, 0, 0, 0
6213BV, 0, 0, 0
6217JZ, 0, 0, 0
6226EW, 0, 0, 0
6226ER, 4, 0, 0
6213BP, 0, 0, 0
6217JT, 1, 0, 0
6213BS, 0, 0, 0
6217JW, 0, 0, 0
6226ET, 4, 0, 0
6213BR, 0, 0, 0
6217JV, 0, 0, 0
6226ES, 4, 0, 0
6226EN, 2, 0, 0
6213BL, 1, 0, 0
6217JP, 1, 1, 0
6226EM, 1, 0, 0
6217JS, 4, 0, 0
6226EP, 0, 0, 0
6217JR, 3, 0, 0
6217JM, 3, 0, 0
6226EJ, 1, 0, 0
6213BH, 0, 0, 0
6217JL, 3, 0, 0
6213BK, 0, 0, 0
6226EL, 0, 0, 0
6213BJ, 0, 0, 0
6217JN, 1, 1, 0
6226EK, 0, 0, 0
6213BE, 1, 0, 0
6213BD, 0, 0, 0
6217JH, 0, 0, 0
6226EE, 3, 0, 0
6213BG, 3, 4, 0
6217JK, 0, 0, 0
6226EH, 3, 0, 0
6217JJ, 1, 0, 0
6226EG, 4, 0, 0
6213BA, 0, 0, 0
6217JE, 0, 0, 0
6226EB, 1, 0, 0
6217JD, 0, 0, 0
6226EA, 2, 0, 0
6217JG, 0, 0, 0
6226ED, 0, 0, 0
6213BB, 1, 0, 0
6226EC, 0, 0, 0
6217JA, 0, 0, 0
6217JB, 0, 0, 0
6213AP, 0, 0, 0
6226DP, 1, 0, 0
6226DS, 1, 0, 0
6226DR, 0, 0, 0
6213AL, 2, 0, 0
6226DM, 0, 0, 0
6213AK, 2, 0, 0
6226DL, 1, 0, 0
6213AM, 0, 0, 0
6226DH, 0, 0, 0
6213AJ, 0, 0, 0
6226DK, 0, 0, 0
6226DJ, 0, 0, 0
6213AD, 0, 0, 0
6213AC, 0, 0, 0
6226DG, 1, 0, 0
6213AE, 1, 0, 0
6226DA, 0, 0, 0
6213AB, 0, 0, 0
6213AA, 0, 0, 0
6226DB, 1, 0, 0
6226CX, 0, 0, 1
6217HZ, 0, 0, 0
6226CW, 0, 0, 1
6226CZ, 0, 0, 0
6217HW, 0, 0, 0
6226CT, 0, 0, 0
6217HV, 0, 0, 0
6226CS, 0, 0, 0
6226CV, 0, 0, 1
6217HX, 0, 0, 0
6217HS, 0, 0, 0
6226CP, 0, 0, 0
6217HR, 0, 0, 0
6226CR, 0, 0, 0
6217HT, 0, 0, 0
6226CL, 0, 0, 0
6217HN, 0, 0, 0
6226CK, 0, 0, 0
6226CN, 0, 0, 0
6217HP, 0, 0, 0
6226CM, 4, 0, 0
6217HK, 0, 0, 0
6226CH, 0, 0, 0
6217HJ, 0, 0, 0
6226CG, 0, 0, 0
6217HM, 0, 0, 0
6226CJ, 1, 0, 0
6217HL, 0, 0, 0
6217HG, 0, 0, 0
6226CD, 0, 0, 0
6226CC, 1, 0, 0
6221ZB, 0, 0, 0
6217HH, 0, 0, 0
6226CE, 0, 0, 0
6217HC, 0, 2, 0
6217HB, 0, 0, 0
6217HE, 1, 0, 0
6226CB, 0, 0, 1
6217HD, 0, 0, 0
6226CA, 2, 0, 0
6217HA, 0, 0, 0
6217GZ, 0, 0, 0
6226BV, 0, 0, 0
6217GV, 0, 0, 0
6226BS, 0, 0, 1
6226BR, 0, 0, 0
6217GX, 3, 6, 0
6217GW, 0, 0, 0
6226BT, 2, 0, 0
6217GR, 1, 0, 0
6226BN, 0, 0, 1
6217GT, 0, 0, 0
6217GS, 1, 0, 0
6226BP, 1, 0, 0
6217GN, 0, 0, 0
6226BK, 0, 0, 0
6217GM, 0, 0, 0
6226BJ, 0, 0, 0
6217GP, 0, 0, 0
6226BL, 1, 0, 0
6217GJ, 0, 0, 0
6226BG, 0, 0, 0
6217GL, 0, 0, 0
6217GK, 0, 0, 0
6226BH, 0, 0, 0
6226BC, 0, 0, 0
6217GE, 0, 0, 0
6226BB, 0, 0, 0
6217GH, 0, 0, 0
6226BE, 0, 0, 0
6217GG, 0, 0, 0
6226BD, 0, 0, 0
6217GB, 0, 0, 0
6221XZ, 0, 3, 0
6217GA, 0, 0, 0
6217GD, 0, 0, 0
6226BA, 0, 0, 0
6221XV, 0, 0, 0
6226AZ, 0, 0, 0
6221XX, 0, 1, 0
6221XW, 0, 0, 0
6221XR, 0, 0, 0
6226AV, 0, 0, 0
6221XT, 0, 0, 0
6226AX, 0, 0, 0
6221XS, 0, 0, 0
6226AW, 0, 0, 0
6221XN, 0, 0, 0
6221XM, 0, 0, 0
6221XP, 0, 0, 0
6226AT, 1, 0, 0
6221XJ, 0, 0, 0
6226AN, 0, 0, 0
6226AM, 0, 0, 0
6221XL, 0, 0, 0
6226AP, 0, 0, 0
6221XK, 0, 0, 0
6226AJ, 0, 0, 0
6221XE, 0, 0, 0
6221XH, 0, 0, 0
6226AL, 0, 0, 0
6221XG, 0, 0, 0
6226AK, 0, 0, 0
6221XB, 1, 0, 0
6221XA, 0, 0, 0
6226AE, 0, 0, 0
6221XD, 0, 0, 0
6226AH, 0, 0, 0
6221XC, 1, 0, 0
6226AG, 1, 0, 0
6226AB, 0, 0, 0
6226AA, 0, 0, 0
6226AD, 0, 0, 0
6226AC, 0, 0, 0
6217EW, 1, 2, 0
6217EZ, 0, 0, 0
6217ET, 0, 0, 0
6217ES, 0, 0, 0
6217EV, 2, 8, 0
6217EP, 0, 0, 0
6217ER, 0, 0, 0
6217EL, 1, 7, 0
6217EK, 3, 5, 0
6217EN, 1, 5, 0
6217EM, 1, 5, 0
6217EH, 1, 3, 0
6217EG, 0, 0, 0
6217EJ, 0, 0, 0
6217EE, 0, 0, 0
6213KE, 0, 0, 0
6213KG, 0, 0, 0
6213KB, 0, 0, 0
6213KA, 0, 0, 0
6226NB, 0, 0, 0
6213KD, 0, 0, 0
6226NE, 0, 0, 0
6213JX, 0, 0, 0
6213JZ, 0, 0, 0
6213JT, 0, 0, 0
6213JW, 0, 0, 0
6213JV, 0, 0, 0
6213JP, 0, 0, 0
6222EM, 0, 0, 0
6213JS, 0, 0, 0
6222EP, 0, 0, 0
6213JR, 0, 0, 0
6222EJ, 0, 0, 0
6213JL, 0, 0, 0
6222EL, 0, 0, 0
6213JN, 0, 0, 0
6222EK, 0, 0, 0
6213JH, 0, 0, 0
6213JK, 0, 0, 0
6222EH, 0, 0, 0
6222EG, 0, 0, 0
6222EB, 0, 0, 0
6213JD, 0, 0, 0
6222EA, 0, 0, 0
6213JG, 0, 0, 0
6222ED, 0, 0, 0
6222EC, 0, 0, 0
6213JA, 0, 0, 0
6213JC, 0, 0, 0
6213JB, 0, 0, 0
6217RA, 1, 0, 0
6222CX, 0, 0, 0
6213HZ, 0, 0, 0
6222CZ, 0, 0, 0
6213HW, 0, 0, 0
6222CT, 0, 0, 0
6213HV, 2, 0, 0
6222CS, 0, 0, 0
6213HX, 0, 0, 0
6213HS, 0, 0, 0
6222CP, 0, 0, 0
6213HR, 0, 0, 0
6222CR, 0, 0, 0
6213HT, 0, 0, 0
6217PX, 0, 0, 0
6222CL, 0, 0, 0
6213HN, 2, 0, 0
6222CN, 1, 0, 0
6213HP, 0, 0, 0
6222CM, 0, 0, 0
6213HK, 5, 0, 0
6222CH, 0, 0, 1
6222CG, 0, 0, 0
6222CJ, 0, 0, 0
6213HL, 5, 0, 0
6213HG, 0, 0, 0
6217PK, 0, 0, 0
6222CD, 0, 0, 0
6217PJ, 1, 3, 0
6222CC, 0, 0, 0
6213HH, 0, 0, 0
6222CE, 0, 0, 0
6213HE, 0, 0, 0
6222CB, 0, 0, 0
6213HD, 0, 0, 0
6217PH, 0, 0, 0
6222CA, 0, 0, 0
6217PB, 0, 0, 0
6222BZ, 2, 0, 0
6213GZ, 0, 0, 0
6222BW, 4, 0, 0
6222BV, 0, 0, 0
6217PA, 0, 0, 0
6222BX, 0, 0, 1
6213GV, 0, 0, 0
6222BS, 0, 0, 0
6222BR, 1, 0, 0
6213GX, 0, 0, 0
6213GW, 0, 0, 0
6222BT, 4, 0, 0
6226JX, 0, 0, 0
6213GR, 0, 0, 0
6222BN, 0, 0, 0
6213GS, 0, 0, 0
6222BP, 0, 0, 0
6213GM, 0, 0, 0
6222BJ, 1, 0, 0
6213GP, 0, 0, 0
6222BM, 1, 0, 0
6222BL, 0, 0, 0
6213GJ, 0, 0, 0
6222BG, 0, 0, 1
6213GL, 0, 0, 0
6213GK, 0, 0, 0
6222BH, 0, 0, 0
6222BC, 0, 0, 0
6213GE, 0, 0, 0
6222BB, 0, 0, 0
6213GH, 0, 0, 0
6222BE, 0, 0, 0
6213GG, 0, 0, 0
6222BD, 0, 0, 1
6213GB, 0, 0, 0
6213GA, 3, 4, 0
6213GD, 1, 0, 0
6222BA, 0, 0, 0
6213GC, 0, 0, 0
6222AR, 0, 0, 0
6217NX, 0, 0, 0
6222AT, 0, 0, 0
6217NZ, 0, 0, 0
6222AS, 0, 0, 0
6222AM, 0, 0, 0
6217NW, 1, 0, 0
6222AP, 0, 0, 0
6217NV, 0, 0, 0
6222AJ, 0, 0, 0
6217NP, 0, 0, 0
6217NS, 0, 0, 0
6222AL, 0, 0, 0
6217NR, 0, 0, 0
6222AK, 0, 0, 0
6222AE, 0, 0, 0
6222AH, 0, 0, 0
6217NN, 0, 0, 0
6222AG, 0, 0, 0
6217NH, 1, 0, 0
6222AA, 0, 0, 0
6217NK, 0, 0, 0
6217NE, 0, 0, 0
6217ND, 0, 0, 0
6217NC, 0, 0, 0
6217NB, 0, 0, 0
6213EX, 1, 0, 0
6213EW, 0, 0, 0
6226HX, 0, 0, 0
6213EZ, 0, 0, 0
6213ET, 0, 0, 0
6213ES, 0, 0, 0
6226HT, 0, 0, 0
6213EV, 0, 0, 0
6226HW, 0, 0, 0
6226HV, 0, 0, 0
6213EP, 0, 0, 0
6213ER, 0, 0, 0
6226HS, 7, 24, 0
6226HR, 5, 5, 1
6226HM, 3, 10, 0
6226HL, 0, 0, 0
6213EN, 0, 0, 0
6213EM, 0, 0, 0
6226HN, 4, 15, 0
6213EG, 0, 0, 0
6226HH, 1, 3, 0
6213EJ, 0, 0, 0
6226HK, 0, 0, 0
6226HJ, 3, 0, 0
6221KZ, 2, 0, 0
6221KT, 7, 1, 0
6221KV, 3, 1, 0
6221KS, 0, 1, 0
6221KR, 0, 1, 0
6221KM, 1, 0, 0
6216XS, 0, 0, 0
6221KN, 0, 0, 0
6216XP, 0, 0, 0
6216XR, 0, 0, 0
6216XL, 0, 0, 0
6216XK, 0, 0, 0
6216XN, 0, 0, 0
6216XM, 0, 0, 0
6216XH, 0, 0, 0
6216XG, 0, 0, 0
6216XJ, 0, 0, 0
6216XD, 0, 0, 0
6216XC, 0, 0, 0
6216XE, 0, 0, 0
6216XB, 0, 0, 0
6221JP, 14, 5, 0
6221JR, 0, 0, 0
6221JL, 0, 1, 0
6221JK, 0, 0, 0
6221JN, 0, 0, 0
6221JM, 0, 0, 0
6221JH, 1, 1, 1
6221JG, 1, 0, 0
6221JJ, 0, 0, 0
6221JD, 1, 2, 1
6221JC, 0, 0, 0
6221JE, 0, 0, 0
6221JB, 0, 0, 0
6221JA, 0, 0, 0
6229ZD, 0, 0, 0
6229ZC, 1, 0, 0
6229ZE, 0, 0, 0
6229ZB, 0, 0, 0
6229ZA, 0, 0, 0
6216VZ, 0, 0, 0
6216VV, 0, 0, 0
6216VX, 0, 0, 0
6216VW, 0, 0, 0
6216VR, 0, 0, 0
6216VT, 0, 0, 0
6216VS, 0, 0, 0
6212NJ, 0, 0, 0
6216VN, 0, 0, 0
6216VM, 0, 0, 0
6212NL, 0, 0, 0
6216VP, 0, 0, 0
6212NK, 0, 0, 1
6216VJ, 1, 0, 0
6212NE, 0, 0, 1
6212NH, 0, 0, 0
6216VL, 0, 0, 0
6216VK, 1, 0, 0
6212NA, 0, 0, 0
6216VH, 0, 0, 0
6212NC, 0, 0, 0
6216VG, 0, 0, 0
6216VB, 0, 0, 0
6216VA, 1, 0, 0
6216VD, 1, 0, 0
6216VC, 0, 1, 0
6229XV, 0, 0, 0
6229XX, 0, 0, 0
6229XW, 0, 0, 0
6221HJ, 1, 3, 1
6229XR, 0, 0, 0
6229XT, 0, 0, 0
6229XS, 0, 0, 0
6229XN, 0, 0, 0
6221HE, 1, 2, 0
6229XM, 0, 0, 0
6221HH, 1, 3, 1
6229XP, 0, 0, 0
6221HG, 1, 0, 0
6221HB, 1, 0, 0
6229XJ, 0, 0, 0
6221HA, 1, 0, 0
6221HD, 1, 0, 0
6229XL, 0, 0, 0
6221HC, 0, 0, 0
6229XK, 0, 0, 0
6229XE, 1, 0, 0
6229XH, 0, 0, 0
6229XG, 0, 0, 0
6229XB, 1, 0, 0
6229XA, 1, 0, 0
6229XD, 1, 0, 0
6229XC, 0, 0, 0
6229WX, 0, 0, 0
6229WZ, 0, 0, 0
6216TS, 0, 0, 0
6229WT, 1, 0, 0
6229WV, 0, 0, 0
6216TP, 0, 0, 0
6221GH, 0, 0, 0
6229WP, 0, 0, 0
6216TR, 2, 0, 0
6221GK, 0, 0, 0
6229WS, 0, 0, 0
6221GJ, 1, 1, 1
6229WR, 1, 0, 0
6216TL, 1, 0, 0
6221GE, 1, 0, 0
6216TK, 1, 0, 0
6221GD, 1, 1, 1
6229WL, 0, 0, 0
6216TN, 0, 0, 0
6221GG, 0, 0, 0
6216TM, 1, 0, 0
6229WN, 2, 0, 0
6216TH, 0, 0, 0
6221GA, 12, 17, 1
6216TG, 0, 0, 0
6229WH, 0, 0, 0
6216TJ, 3, 0, 0
6229WK, 0, 0, 0
6221GB, 16, 7, 2
6229WJ, 1, 0, 0
6216TD, 1, 0, 0
6229WE, 1, 0, 0
6216TC, 0, 0, 0
6229WD, 1, 0, 0
6229WG, 0, 0, 0
6216TE, 0, 0, 0
6216TB, 0, 0, 0
6229WC, 0, 0, 0
6216TA, 0, 0, 0
6229WB, 0, 0, 0
6216SZ, 0, 0, 0
6216SW, 0, 0, 0
6229VX, 0, 0, 0
6216SV, 0, 0, 0
6229VW, 0, 0, 0
6229VZ, 0, 0, 0
6216SX, 0, 0, 0
6229VT, 0, 0, 0
6216SR, 1, 0, 0
6229VS, 1, 0, 0
6229VV, 0, 0, 0
6216ST, 0, 0, 0
6221VX, 6, 0, 3
6221VW, 0, 0, 0
6221VZ, 1, 0, 1
6221VT, 0, 0, 0
6221VS, 0, 0, 0
6221VV, 0, 0, 0
6221VP, 0, 0, 0
6221VR, 0, 0, 0
6221VK, 0, 0, 0
6221VN, 0, 0, 0
6221VM, 0, 0, 0
6221VH, 0, 0, 0
6221VG, 0, 0, 0
6221VJ, 0, 0, 0
6221VD, 3, 1, 0
6221VC, 0, 0, 0
6221VE, 0, 1, 0
6221VB, 0, 0, 0
6221VA, 2, 1, 2
6217CZ, 1, 0, 0
6217CV, 4, 12, 0
6217CX, 0, 0, 0
6217CW, 2, 9, 0
6217CR, 2, 6, 0
6217CT, 3, 13, 0
6217CS, 1, 0, 0
6217CP, 3, 10, 0
6217CE, 0, 0, 0
6217CG, 0, 0, 0
6217CB, 0, 0, 0
6221TZ, 2, 0, 1
6217CA, 0, 0, 0
6217CD, 0, 0, 0
6217CC, 0, 0, 0
6221TV, 0, 0, 0
6221TX, 2, 0, 0
6221TW, 1, 0, 0
6221TR, 0, 0, 0
6217BX, 0, 0, 0
6221TT, 0, 0, 0
6221TS, 0, 2, 0
6221TN, 0, 1, 0
6217BT, 0, 0, 0
6221TM, 0, 0, 0
6217BW, 0, 0, 0
6221TP, 0, 0, 0
6217BV, 0, 0, 0
6221TJ, 4, 0, 0
6217BP, 0, 0, 0
6217BS, 0, 0, 0
6217BR, 0, 0, 0
6221TK, 2, 0, 0
6217BM, 0, 0, 0
6217BL, 0, 0, 0
6221TE, 5, 0, 0
6221TH, 4, 0, 0
6217BN, 0, 0, 0
6221TG, 6, 0, 0
6221TB, 6, 0, 1
6217BH, 1, 0, 0
6221TA, 0, 0, 0
6217BK, 0, 0, 0
6221TD, 5, 0, 0
6217BJ, 0, 0, 0
6221TC, 6, 0, 1
6217BE, 1, 0, 0
6217BD, 1, 0, 0
6217BG, 1, 0, 0
6217BA, 1, 0, 0
6221SX, 4, 1, 0
6217BC, 0, 0, 0
6217BB, 0, 0, 0
6221SZ, 3, 0, 0
6212XX, 1, 0, 0
6212XW, 0, 0, 0
6221ST, 0, 0, 0
6212XZ, 1, 0, 0
6221SW, 3, 0, 0
6212XS, 0, 0, 0
6217AW, 1, 0, 0
6221SP, 1, 0, 0
6212XV, 0, 0, 0
6221SR, 1, 0, 0
6217AT, 0, 0, 0
6217AS, 0, 0, 0
6212XR, 0, 0, 0
6217AV, 1, 0, 0
6217AP, 0, 0, 0
6212XK, 0, 0, 0
6212XN, 2, 0, 1
6217AR, 0, 0, 0
6221SK, 1, 0, 0
6221SJ, 1, 0, 0
6212XH, 2, 0, 0
6217AL, 0, 0, 0
6212XG, 0, 0, 0
6217AK, 0, 0, 0
6212XJ, 2, 0, 0
6217AN, 0, 0, 0
6221SG, 0, 0, 0
6217AM, 0, 0, 0
6212XD, 0, 0, 0
6217AH, 0, 0, 0
6212XC, 0, 0, 0
6217AG, 0, 0, 0
6217AJ, 0, 0, 0
6212XE, 0, 0, 0
6217AD, 0, 0, 0
6217AC, 0, 0, 0
6212XB, 5, 1, 1
6212XA, 2, 0, 0
6217AE, 0, 0, 0
6217AB, 0, 0, 0
6225XZ, 0, 0, 0
6225XX, 0, 0, 0
6225XP, 3, 0, 0
6212CC, 1, 0, 0
6212CB, 1, 0, 0
6212CE, 0, 0, 0
6212CD, 2, 0, 0
6212CA, 0, 0, 0
6212BV, 2, 2, 0
6225EW, 0, 0, 0
6225EV, 0, 0, 0
6212BX, 0, 0, 0
6212BW, 1, 0, 0
6212BR, 1, 0, 1
6225ES, 0, 0, 0
6225ER, 0, 0, 0
6212BT, 1, 0, 0
6212BS, 0, 0, 0
6225ET, 0, 0, 0
6212BN, 3, 0, 0
6212BM, 2, 3, 0
6212BP, 2, 4, 0
6225EP, 0, 0, 0
6212BJ, 2, 0, 1
6225EK, 0, 0, 0
6225EJ, 0, 0, 0
6212BL, 1, 1, 0
6225EM, 5, 1, 0
6212BK, 2, 0, 1
6225EL, 0, 0, 0
6225EG, 0, 1, 0
6212BE, 2, 0, 2
6212BH, 2, 0, 1
6212BG, 2, 4, 0
6225EH, 0, 0, 0
6212BB, 1, 0, 2
6225EC, 0, 0, 0
6212BA, 1, 3, 0
6225EB, 0, 0, 0
6212BD, 0, 0, 0
6225EE, 3, 1, 0
6212BC, 1, 0, 0
6225ED, 0, 0, 0
6225EA, 3, 1, 0
6212AT, 0, 0, 0
6212AW, 1, 3, 0
6212AV, 1, 0, 0
6225DR, 3, 0, 0
6212AP, 0, 0, 0
6212AS, 1, 0, 0
6212AR, 0, 0, 0
6212AM, 0, 0, 0
6225DN, 0, 0, 0
6212AL, 0, 0, 0
6212AN, 0, 0, 0
6212AH, 0, 0, 0
6212AK, 1, 0, 0
6225DL, 0, 0, 0
6212AJ, 0, 0, 0
6225DK, 0, 0, 0
6212AE, 1, 0, 0
6212AD, 3, 0, 1
6225DE, 0, 0, 0
6212AG, 0, 0, 0
6225DH, 0, 0, 0
6225DG, 0, 0, 0
6212AA, 0, 0, 0
6225DB, 0, 0, 0
6225DA, 0, 0, 0
6212AC, 2, 0, 1
6225DD, 0, 0, 0
6212AB, 0, 0, 0
6225DC, 0, 0, 0
6225CP, 0, 0, 0
6225CM, 0, 0, 0
6225CN, 0, 0, 0
6225CH, 0, 0, 0
6225CJ, 0, 0, 0
6225CE, 0, 0, 0
6225CD, 0, 0, 0
6225CG, 0, 0, 0
6225CA, 0, 0, 0
6225CC, 0, 0, 0
6225CB, 0, 0, 0
6225BW, 1, 0, 0
6225BS, 1, 0, 0
6225BV, 0, 0, 0
6225BP, 1, 0, 0
6225BR, 1, 0, 0
6225BL, 0, 0, 0
6225BK, 0, 0, 0
6225BN, 1, 0, 0
6225BM, 0, 0, 0
6225BH, 2, 0, 0
6225BG, 0, 0, 0
6225BJ, 0, 0, 0
6225BD, 0, 0, 0
6225BC, 0, 0, 0
6225BE, 2, 1, 0
6225BB, 1, 0, 0
6225BA, 0, 0, 0
6225AZ, 2, 2, 0
6225AW, 0, 0, 0
6225AV, 0, 0, 0
6225AX, 2, 0, 0
6225AS, 0, 0, 0
6225AR, 0, 0, 0
6225AT, 0, 0, 0
6225AN, 0, 0, 0
6225AP, 0, 0, 0
6225AK, 0, 0, 0
6225AJ, 0, 0, 0
6225AM, 0, 0, 0
6225AL, 0, 0, 0
6225AG, 0, 0, 0
6225AH, 0, 0, 0
6225AC, 0, 0, 0
6225AB, 0, 0, 0
6225AE, 0, 0, 0
6225AD, 1, 0, 0
6225AA, 0, 0, 0
6229HZ, 0, 0, 0
6229HV, 0, 0, 1
6216ET, 0, 0, 0
6216EV, 0, 0, 0
6229HW, 0, 0, 0
6229HR, 0, 0, 1
6216EP, 0, 0, 0
6216ES, 0, 0, 0
6229HT, 0, 0, 0
6216ER, 1, 0, 0
6229HS, 0, 0, 0
6216EM, 0, 0, 0
6229HN, 0, 0, 1
6229HM, 0, 0, 1
6229HP, 0, 0, 1
6216EN, 0, 0, 0
6229HJ, 0, 0, 0
6229HL, 0, 0, 0
6229HK, 0, 0, 1
6216ED, 6, 3, 0
6229HE, 0, 0, 0
6216EG, 4, 0, 0
6229HH, 0, 0, 0
6216EA, 0, 0, 0
6229HB, 0, 0, 0
6216EC, 6, 3, 0
6229HD, 0, 0, 1
6229HC, 0, 0, 0
6229GX, 2, 0, 0
6229GP, 2, 0, 0
6229GM, 0, 0, 0
6229GL, 0, 0, 0
6229GN, 1, 0, 0
6229GH, 0, 0, 0
6229GE, 0, 0, 0
6229GD, 0, 0, 0
6229GG, 0, 0, 0
6229GC, 0, 0, 0
6229GB, 0, 0, 0
6216CV, 0, 0, 0
6216CS, 0, 1, 0
6216CR, 0, 9, 0
6216CT, 0, 1, 0
6216CP, 0, 1, 0
6216CK, 3, 8, 0
6216CJ, 5, 8, 0
6216CL, 0, 0, 0
6216CH, 5, 6, 0
6216CC, 2, 0, 0
6216CB, 2, 1, 0
6216CD, 0, 0, 0
6229VP, 0, 0, 0
6216SN, 2, 0, 0
6229VR, 1, 0, 0
6216SP, 0, 0, 0
6216SK, 1, 0, 0
6216SJ, 0, 0, 0
6229VK, 0, 0, 0
6216SM, 6, 2, 0
6229VN, 3, 0, 0
6216SL, 0, 0, 0
6229VM, 0, 1, 0
6216SG, 0, 0, 0
6225ND, 0, 0, 0
6225NC, 0, 0, 0
6229VJ, 0, 0, 0
6216SH, 1, 0, 0
6216SC, 0, 0, 0
6216SB, 0, 0, 0
6221EZ, 16, 20, 0
6229VC, 0, 0, 0
6216SE, 0, 0, 0
6225NB, 0, 0, 0
6229VE, 0, 0, 0
6221EW, 17, 1, 2
6221EV, 15, 9, 2
6216RZ, 0, 0, 0
6221ER, 18, 22, 0
6221ET, 22, 28, 1
6216RV, 0, 0, 0
6221EN, 13, 4, 0
6216RX, 0, 0, 0
6216RW, 0, 0, 0
6221EP, 16, 8, 0
6216RR, 0, 0, 0
6221EK, 20, 24, 0
6221EJ, 20, 8, 1
6216RT, 0, 0, 0
6221EM, 9, 1, 0
6216RS, 0, 0, 0
6221EL, 14, 20, 1
6216RN, 0, 0, 0
6221EG, 24, 26, 0
6216RM, 0, 0, 0
6216RP, 0, 0, 0
6221EH, 18, 20, 1
6216RJ, 0, 0, 0
6221EC, 18, 16, 4
6221EB, 24, 20, 1
6216RL, 0, 0, 0
6221EE, 20, 8, 1
6216RK, 0, 0, 0
6221ED, 23, 15, 1
6216RE, 0, 0, 0
6216RH, 0, 0, 0
6221EA, 22, 16, 4
6216RG, 0, 0, 0
6216RB, 0, 0, 0
6216RA, 0, 0, 0
6216RD, 0, 0, 0
6216RC, 0, 0, 0
6229TV, 0, 0, 0
6229TX, 0, 0, 0
6229TW, 0, 0, 0
6229TR, 2, 0, 0
6229TT, 0, 0, 0
6229TS, 0, 0, 0
6229TN, 0, 0, 0
6229TM, 0, 0, 0
6229TP, 0, 0, 0
6221DB, 2, 0, 1
6229TJ, 1, 0, 0
6229TL, 0, 0, 0
6229TK, 1, 0, 0
6229TE, 1, 0, 0
6229TH, 0, 0, 0
6229TG, 0, 0, 0
6229TB, 0, 0, 0
6221CX, 13, 17, 0
6229TA, 0, 0, 0
6229TD, 0, 0, 0
6221CZ, 3, 2, 0
6221CT, 16, 13, 3
6221CW, 18, 16, 1
6221CV, 11, 3, 0
6216PX, 0, 0, 0
6216PW, 0, 0, 0
6221CP, 15, 3, 2
6216PZ, 0, 0, 0
6221CS, 12, 3, 0
6221CR, 1, 2, 1
6216PT, 0, 0, 0
6221CM, 6, 4, 1
6216PS, 0, 0, 0
6221CL, 1, 0, 0
6216PV, 0, 0, 0
6221CN, 5, 4, 1
6216PP, 0, 0, 0
6225KM, 0, 0, 0
6221CH, 17, 8, 3
6225KL, 0, 0, 0
6216PR, 0, 0, 0
6221CK, 1, 0, 1
6221CJ, 18, 12, 4
6225KN, 0, 0, 0
6212HH, 1, 0, 0
6216PL, 0, 0, 0
6221CE, 1, 2, 0
6216PK, 1, 0, 0
6221CD, 9, 0, 3
6225KH, 0, 0, 0
6216PN, 2, 3, 0
6221CG, 1, 0, 0
6225KK, 0, 0, 0
6216PM, 0, 0, 0
6225KJ, 0, 0, 0
6212HD, 2, 0, 0
6216PH, 0, 0, 0
6221CA, 5, 0, 3
6225KE, 0, 0, 0
6212HC, 0, 0, 0
6216PG, 0, 0, 0
6225KD, 0, 0, 0
6216PJ, 0, 0, 0
6221CC, 3, 1, 0
6225KG, 0, 0, 0
6221CB, 11, 2, 4
6216PD, 0, 0, 0
6216PC, 0, 0, 0
6212HB, 0, 0, 0
6225KC, 0, 0, 0
6229SG, 0, 0, 0
6212HA, 0, 0, 0
6216PE, 0, 0, 0
6225KB, 0, 0, 0
6221BX, 2, 3, 2
6221BW, 1, 2, 0
6221BZ, 3, 8, 0
6229SC, 0, 0, 0
6229SB, 0, 0, 0
6212GW, 0, 0, 0
6212GV, 0, 0, 0
6221BS, 5, 1, 0
6225JW, 0, 0, 0
6221BV, 4, 2, 0
6212GX, 0, 0, 0
6212GS, 0, 0, 1
6221BP, 12, 2, 5
6225JT, 0, 0, 0
6212GR, 0, 0, 0
6225JS, 0, 0, 0
6221BR, 21, 8, 5
6212GT, 0, 0, 0
6221BL, 0, 0, 0
6212GN, 0, 0, 0
6221BK, 2, 0, 0
6221BN, 16, 6, 5
6212GP, 0, 0, 0
6221BM, 11, 4, 5
6212GK, 1, 0, 0
6221BH, 0, 0, 0
6225JL, 0, 0, 0
6212GJ, 0, 0, 0
6221BG, 18, 4, 3
6225JK, 0, 0, 0
6212GM, 0, 0, 0
6221BJ, 1, 0, 0
6225JN, 0, 0, 0
6212GL, 0, 0, 0
6225JM, 0, 0, 0
6212GG, 0, 0, 0
6221BD, 5, 0, 3
6221BC, 0, 0, 0
6212GH, 3, 0, 0
6221BE, 0, 0, 0
6212GC, 0, 0, 1
6212GB, 2, 0, 0
6212GE, 4, 0, 0
6221BB, 0, 0, 0
6212GD, 0, 0, 0
6221BA, 1, 0, 0
6221AZ, 2, 0, 0
6212GA, 0, 0, 0
6221AW, 4, 0, 0
6221AV, 6, 0, 1
6221AX, 7, 0, 3
6216NZ, 0, 0, 0
6221AS, 1, 0, 0
6221AR, 6, 0, 0
6221AT, 2, 0, 0
6216NV, 0, 0, 0
6221AN, 0, 0, 0
6216NX, 0, 0, 0
6216NW, 0, 0, 0
6221AP, 1, 0, 0
6221AK, 0, 0, 0
6216NT, 0, 0, 0
6221AM, 0, 0, 0
6216NS, 0, 0, 0
6221AL, 0, 0, 0
6221AG, 0, 0, 0
6221AH, 0, 0, 0
6221AC, 4, 0, 0
6221AB, 0, 2, 0
6221AE, 0, 3, 0
6221AD, 2, 0, 0
6212EX, 0, 0, 1
6212EZ, 0, 0, 0
6212ET, 2, 0, 1
6212EW, 5, 0, 0
6212EV, 2, 0, 1
6212EP, 2, 0, 0
6212ES, 1, 0, 0
6212ER, 3, 0, 0
6212EM, 0, 0, 0
6225HN, 0, 0, 0
6212EL, 0, 0, 0
6225HM, 0, 0, 0
6212EN, 3, 0, 0
6225HJ, 0, 0, 0
6212EH, 0, 0, 0
6212EK, 0, 0, 0
6225HL, 0, 0, 0
6212EJ, 0, 0, 0
6225HK, 0, 0, 0
6225HE, 0, 0, 0
6212EG, 0, 0, 0
6225HH, 0, 0, 0
6225HG, 0, 0, 0
6212EA, 0, 0, 0
6212EC, 0, 0, 0
6225HD, 0, 0, 0
6212EB, 0, 0, 0
6225HC, 0, 0, 0
6225GX, 0, 1, 0
6225GZ, 1, 1, 0
6225GT, 0, 0, 0
6225GW, 0, 0, 0
6225GV, 0, 0, 0
6225GP, 0, 0, 0
6225GS, 0, 0, 0
6225GR, 0, 0, 0
6225GM, 0, 0, 0
6225GL, 0, 0, 0
6225GN, 0, 1, 0
6225GH, 0, 0, 0
6225GK, 0, 0, 0
6225GJ, 0, 0, 0
6225GE, 0, 0, 0
6225GD, 0, 0, 0
6225GG, 0, 0, 0
6225GA, 0, 0, 0
6225GC, 0, 0, 0
6225GB, 0, 0, 0
6212CZ, 0, 0, 0
6212CW, 0, 0, 0
6212CV, 0, 0, 0
6212CX, 0, 0, 0
6212CS, 0, 1, 0
6212CR, 0, 0, 0
6212CT, 1, 0, 0
6212CN, 2, 4, 0
6212CP, 1, 0, 0
6212CK, 1, 0, 0
6212CJ, 0, 0, 0
6212CM, 0, 0, 0
6212CL, 0, 0, 0
6212CG, 1, 0, 0
6212CH, 0, 0, 0
6224TR, 0, 0, 0
6224TN, 0, 0, 0
6224TP, 0, 0, 0
6224TK, 0, 0, 0
6224TL, 0, 1, 0
6224TG, 0, 0, 0
6224TH, 0, 0, 0
6224TB, 0, 0, 0
6224TE, 0, 0, 0
6224TD, 0, 0, 0
6224TA, 0, 0, 0
6211PX, 4, 2, 0
6211PZ, 2, 1, 0
6215XX, 0, 0, 0
6211PW, 4, 1, 0
6211PP, 2, 0, 0
6215XT, 0, 0, 0
6211PS, 2, 1, 0
6215XW, 0, 0, 0
6211PR, 1, 1, 0
6215XV, 0, 0, 0
6211PM, 3, 0, 0
6211PL, 1, 0, 1
6215XP, 0, 0, 0
6215XS, 0, 0, 0
6211PN, 0, 0, 0
6215XR, 0, 0, 0
6215XM, 0, 0, 0
6211PH, 2, 1, 0
6215XL, 0, 0, 0
6211PK, 0, 0, 0
6211PJ, 5, 3, 0
6215XN, 0, 0, 0
6211PE, 7, 9, 0
6211PD, 5, 3, 0
6215XH, 0, 0, 0
6211PG, 4, 1, 0
6215XK, 0, 0, 0
6215XJ, 0, 0, 0
6211PA, 12, 9, 1
6215XD, 0, 0, 0
6211PC, 5, 1, 0
6215XG, 0, 0, 0
6211PB, 9, 6, 2
6215XA, 0, 0, 0
6215XC, 0, 0, 0
6215XB, 0, 0, 0
6211NZ, 11, 5, 2
6211NW, 9, 1, 2
6211NV, 4, 1, 2
6215VZ, 0, 0, 0
6211NX, 11, 8, 2
6211NS, 6, 2, 2
6215VW, 0, 0, 0
6211NR, 4, 2, 0
6215VV, 0, 0, 0
6211NT, 4, 2, 0
6215VX, 0, 0, 0
6215VS, 0, 0, 0
6211NN, 5, 2, 0
6215VR, 0, 0, 0
6211NP, 3, 2, 0
6215VT, 0, 0, 0
6211NK, 6, 2, 2
6211NJ, 5, 1, 2
6215VN, 0, 0, 0
6211NM, 3, 2, 2
6211NL, 4, 2, 0
6215VP, 0, 0, 0
6211NG, 5, 2, 0
6215VK, 4, 4, 0
6215VJ, 0, 0, 0
6215VM, 1, 0, 0
6211NH, 6, 2, 4
6215VL, 0, 0, 0
6211NC, 3, 2, 0
6215VG, 0, 0, 0
6211NB, 0, 0, 1
6211NE, 0, 1, 0
6211ND, 2, 1, 0
6215VH, 0, 0, 0
6211NA, 4, 1, 3
6215VE, 0, 0, 0
6211MZ, 0, 0, 0
6211MV, 0, 0, 1
6228XZ, 2, 1, 0
6211MX, 0, 0, 0
6228XV, 0, 0, 0
6228XX, 2, 1, 0
6211MB, 32, 3, 10
6211MA, 37, 3, 11
6211MC, 5, 0, 2
6211LX, 0, 0, 1
6211LZ, 2, 0, 0
6211LT, 6, 0, 2
6215TX, 0, 0, 0
6211LW, 9, 0, 1
6211LV, 10, 0, 2
6215TZ, 2, 2, 0
6211LP, 3, 0, 0
6215TT, 0, 0, 0
6211LS, 0, 0, 0
6215TW, 0, 0, 0
6211LR, 2, 0, 0
6215TV, 1, 0, 0
6211LM, 11, 0, 0
6211LL, 14, 0, 1
6215TP, 0, 0, 0
6215TS, 0, 0, 0
6211LN, 12, 0, 0
6215TR, 0, 0, 0
6215TM, 0, 0, 0
6211LH, 13, 0, 3
6215TL, 0, 0, 0
6211LK, 10, 0, 2
6211LJ, 15, 0, 1
6215TN, 0, 0, 0
6211LE, 25, 1, 4
6211LD, 17, 7, 10
6215TH, 0, 0, 0
6211LG, 10, 1, 10
6215TK, 0, 0, 0
6215TJ, 0, 0, 0
6211LA, 9, 5, 3
6215TE, 0, 0, 0
6215TD, 0, 0, 0
6211LC, 39, 53, 3
6215TG, 0, 0, 0
6211LB, 8, 4, 9
6215TA, 0, 0, 0
6215TC, 1, 0, 0
6215TB, 0, 0, 0
6211KX, 3, 9, 0
6211KW, 1, 1, 3
6211KZ, 2, 0, 0
6215SX, 1, 0, 0
6211KS, 3, 1, 3
6211KV, 1, 1, 2
6215SZ, 0, 0, 0
6211KP, 2, 1, 2
6215ST, 1, 0, 0
6211KR, 1, 1, 2
6215SV, 5, 3, 0
6211KL, 18, 0, 2
6215SP, 0, 0, 0
6211KK, 16, 0, 1
6211KN, 16, 0, 1
6215SR, 0, 0, 0
6211KH, 18, 0, 6
6215SL, 1, 0, 1
6211KG, 9, 1, 8
6211KJ, 17, 0, 4
6215SN, 0, 0, 0
6215SM, 1, 0, 1
6215SH, 0, 0, 0
6211KC, 0, 0, 0
6215SG, 0, 0, 0
6215SJ, 0, 0, 0
6215SC, 0, 0, 0
6211KB, 0, 0, 0
6211KA, 6, 0, 1
6215SE, 0, 0, 0
6211JZ, 4, 0, 0
6211JW, 16, 0, 1
6211JV, 13, 0, 3
6215RZ, 0, 0, 0
6211JX, 0, 0, 1
6211JS, 7, 0, 7
6215RW, 0, 0, 0
6211JR, 8, 1, 2
6215RV, 0, 0, 0
6215RX, 0, 0, 0
6215RS, 0, 0, 0
6211JN, 13, 3, 4
6215RR, 0, 0, 0
6211JP, 7, 3, 3
6215RT, 3, 2, 0
6211JK, 14, 0, 3
6211JJ, 8, 0, 2
6215RN, 0, 0, 0
6211JM, 6, 3, 2
6211JL, 10, 3, 3
6215RP, 0, 0, 0
6211JG, 14, 1, 3
6215RK, 0, 0, 0
6215RJ, 0, 0, 0
6215RM, 0, 0, 0
6211JH, 5, 0, 2
6215RL, 0, 0, 0
6211JC, 7, 1, 3
6215RG, 4, 4, 0
6211JB, 5, 2, 2
6211JD, 14, 1, 2
6215RH, 0, 0, 0
6215RB, 1, 0, 0
6211JA, 7, 2, 3
6215RE, 1, 0, 0
6215RA, 1, 0, 0
6224LW, 1, 0, 1
6224LX, 2, 0, 0
6224LS, 3, 1, 0
6224LR, 3, 0, 0
6224LN, 0, 0, 0
6224LP, 0, 0, 0
6216CA, 2, 1, 0
6216BZ, 0, 0, 1
6216BV, 0, 0, 0
6216BX, 1, 0, 1
6216BW, 0, 0, 0
6216BR, 9, 8, 0
6216BT, 1, 0, 0
6216BS, 7, 7, 0
6216BN, 0, 0, 0
6216BM, 1, 0, 0
6216BJ, 0, 1, 0
6216BL, 0, 1, 0
6229EM, 2, 0, 1
6216BK, 0, 0, 0
6229EG, 3, 0, 1
6216BE, 0, 0, 0
6216BH, 0, 1, 0
6216BG, 0, 0, 0
6216BB, 0, 0, 0
6229EC, 0, 0, 0
6216BA, 0, 0, 0
6229EB, 0, 0, 0
6216BD, 0, 0, 0
6216BC, 0, 0, 0
6229ED, 3, 0, 0
6211XX, 8, 1, 1
6229EA, 0, 0, 0
6211XZ, 6, 0, 2
6216AX, 0, 0, 0
6216AZ, 0, 1, 0
6211XP, 2, 0, 0
6216AT, 0, 0, 0
6211XS, 2, 0, 0
6216AW, 0, 0, 0
6211XR, 2, 0, 0
6216AV, 0, 0, 0
6211XL, 2, 1, 0
6216AP, 0, 0, 0
6216AS, 0, 0, 0
6211XN, 2, 0, 0
6216AR, 0, 0, 0
6216AM, 0, 0, 0
6211XH, 0, 0, 0
6216AL, 0, 0, 0
6211XK, 3, 0, 1
6211XJ, 1, 0, 1
6216AN, 0, 0, 0
6211XE, 1, 1, 0
6211XD, 1, 1, 0
6216AH, 0, 0, 0
6211XG, 1, 0, 0
6216AK, 0, 0, 0
6216AJ, 0, 0, 0
6211XA, 9, 1, 0
6216AE, 0, 0, 0
6216AD, 0, 0, 0
6211XC, 2, 1, 0
6216AG, 0, 0, 0
6211XB, 8, 1, 0
6216AC, 0, 0, 0
6216AB, 0, 0, 0
6211WH, 4, 1, 0
6211WD, 1, 0, 0
6211WC, 0, 0, 0
6211WE, 5, 0, 0
6211WB, 0, 0, 0
6229BK, 0, 0, 0
6229BN, 4, 3, 0
6229BM, 2, 0, 0
6229BH, 0, 0, 0
6229BG, 0, 0, 0
6229BJ, 0, 0, 0
6229BD, 0, 0, 0
6229BC, 0, 0, 0
6229BE, 0, 0, 0
6224XZ, 0, 0, 0
6229BB, 0, 0, 0
6229BA, 0, 0, 0
6224XW, 0, 0, 0
6224XV, 0, 0, 0
6229AZ, 2, 0, 0
6224XX, 0, 0, 0
6224XS, 0, 0, 0
6229AW, 0, 1, 0
6229AV, 6, 4, 0
6229AX, 2, 1, 0
6229AS, 0, 1, 0
6224XN, 0, 0, 0
6229AR, 0, 0, 0
6229AT, 0, 0, 0
6224XK, 0, 0, 0
6224XJ, 0, 0, 0
6224XM, 0, 0, 0
6229AP, 0, 1, 0
6224XG, 0, 0, 0
6229AK, 0, 0, 0
6229AJ, 0, 0, 0
6224XH, 0, 0, 0
6229AL, 0, 0, 0
6229AG, 0, 1, 0
6224XB, 0, 0, 0
6224XE, 0, 0, 0
6224XD, 0, 0, 0
6229AH, 0, 0, 0
6229AB, 0, 0, 0
6229AE, 0, 0, 0
6229AD, 1, 0, 0
6211TE, 7, 0, 4
6211TD, 13, 8, 1
6211TG, 6, 0, 11
6211TA, 20, 38, 1
6211TC, 16, 6, 4
6211TB, 16, 5, 3
6211SX, 11, 4, 2
6211SW, 17, 25, 1
6224VX, 0, 0, 0
6211SZ, 12, 5, 2
6211ST, 12, 7, 3
6224VT, 0, 0, 0
6211SV, 17, 8, 3
6224VW, 0, 1, 0
6224VV, 0, 0, 0
6211SP, 1, 0, 2
6224VP, 0, 0, 0
6211SR, 20, 34, 1
6224VS, 0, 0, 0
6224VR, 0, 0, 0
6211SL, 1, 0, 2
6224VM, 0, 0, 0
6211SK, 20, 4, 4
6224VL, 0, 0, 0
6211SN, 5, 1, 0
6211SM, 1, 0, 2
6224VN, 0, 0, 0
6211SH, 3, 1, 3
6211SG, 10, 4, 2
6224VH, 0, 0, 0
6211SJ, 8, 3, 1
6224VK, 0, 0, 0
6224VE, 0, 0, 0
6211SC, 9, 4, 3
6224VD, 0, 0, 0
6224VG, 0, 0, 0
6211SE, 8, 5, 5
6211SB, 5, 1, 3
6224VC, 0, 0, 0
6224VB, 0, 0, 0
6211RZ, 8, 3, 3
6211RW, 1, 0, 1
6211RV, 8, 3, 2
6211RX, 1, 1, 1
6211RS, 2, 1, 1
6211RR, 2, 1, 0
6211RT, 3, 0, 1
6211RN, 2, 1, 0
6211RP, 3, 0, 1
6211RK, 2, 0, 1
6211RJ, 2, 2, 0
6211RM, 1, 0, 0
6211RL, 3, 0, 1
6211RG, 0, 0, 0
6211RH, 2, 1, 0
6211RC, 1, 1, 0
6211RB, 0, 0, 0
6211RE, 3, 0, 0
6211RD, 3, 0, 0
6211RA, 3, 1, 0
6224TZ, 0, 0, 0
6224TW, 1, 0, 0
6224TV, 0, 0, 0
6224TX, 1, 0, 0
